0 Time avg max min
1 11619.756540909 11784.0 11471.0903771
2 11672.0117128667 11743.0 11573.0
3 11661.3954603409 11712.0 11585.0
4 11712.0239145253 11771.89370859 11650.0
5 11737.2922072079 11800.0 11685.0
6 11709.4604990911 11740.0 11671.0
7 11685.6324411841 11751.0 11602.0
8 11638.1939454979 11715.0 11561.0
9 11730.1822150535 11839.0 11590.0
10 11814.2714705504 11882.0 11761.0
11 12038.6971214821 12169.0 11823.0
12 12189.5812807791 12278.0 12076.0
13 12188.8295280612 12250.0 12102.0
14 12166.3787821694 12289.0 12110.0
15 12347.5344358238 12400.0 12250.0
16 12405.5566548927 12467.0 12321.0
17 12413.4962020519 12470.0 12332.0
18 12482.0556788239 12536.0 12395.0
19 12631.6311381924 12800.0 12468.0
20 12550.3713855077 12819.0 12273.0
21 12628.6701123177 12723.0 12548.0
22 12627.9945688211 12734.0 12497.0
23 12693.6785743204 12750.0 12603.0
24 12528.6608327217 12700.0 12300.0
25 12360.9869663015 12444.0 12200.0
26 12532.5117923892 12611.0 12420.0
27 12647.3096325568 12777.0 12517.0
28 12882.7449717879 13012.0 12738.0
29 12970.9945244705 13105.0 12757.0
30 13043.594653227 13175.0 12910.0
31 13365.3678411654 13599.0 13109.0
32 13390.9131342394 13599.0 13145.0
33 13790.4135615364 13985.0 13498.61022881
34 13748.5823732169 13984.0 13301.0
35 13492.5609323431 13849.0 13139.0
36 13708.3172460502 13900.0 13500.0
37 13830.6665579608 14000.0 13572.0
38 13986.4716023146 14144.0 13750.0
39 14017.5757818252 14169.0 13801.0
40 13985.5779999691 14120.0 13815.0
41 14262.3343413102 14400.0 14000.0
42 14277.5987339637 14385.0 14100.0
43 14466.5418036876 14675.0 14200.0
44 14196.2728404696 14689.0 13553.0
45 14188.1559523714 14490.0 13610.0
46 14654.8984032562 14852.0 14358.0
47 14930.5489669482 15117.0 14709.0
48 15243.8022716783 15500.0 14780.0
49 15355.9303221194 15700.0 14850.0
50 14973.437886806 15598.0 14445.0
51 15574.5901399811 15820.0 15352.0
52 15349.9673158699 15800.0 14851.0
53 15395.7791405556 15549.0 15122.0
54 15807.9222604364 16100.0 15500.0
55 16223.3395041486 16476.0 15890.0
56 16310.565330399 16649.0 15800.0
57 16739.0804245608 16875.0 16451.0
58 16866.7008160257 17171.0 16501.0
59 16681.4156457389 17106.0 16200.0
60 15975.8316605844 16724.0 15193.0
61 15939.2449609194 16500.0 15366.0
62 14795.6027178509 15494.0 14023.0
63 15358.4034581151 15900.0 14607.0
64 15794.9638154319 16169.0 15308.0
65 15670.6464097208 15980.0 15210.0
66 14999.6284020655 15686.0 14621.0
67 15029.2512810713 15475.0 14557.0
68 14351.1193883561 14840.79933858 13722.0
69 14781.9746824451 15073.0 14412.0
70 14637.1074325749 15000.0 14175.0
71 15229.5450422524 15584.0 14765.0
72 15329.4281796735 15600.0 15010.0
73 15115.9413108151 15549.0 14711.0
74 14897.7567922431 15170.0 14643.63049121
75 14756.5999489033 15099.0 14568.0
76 15139.6251779711 15398.0 14937.0
77 14951.0885391514 15245.0 14681.0
78 15333.4793390349 15789.0 14851.0
79 15723.2365491067 15917.0 15550.0
80 15798.7324201476 15999.0 15559.0
81 16014.6331728514 16300.0 15622.0
82 15717.3421880227 16000.0 15368.0
83 15555.5694726337 15758.0 15331.0
84 15529.3603381631 15652.0 15360.0
85 15362.5506133386 15645.0 15050.0
86 15033.4284976498 15294.0 14800.0
87 15200.4193740528 15345.0 14907.0
88 15293.6398347455 15345.0 15192.0
89 15071.4368720898 15299.0 14872.0
90 14894.8812194221 15136.0 14659.0
91 14652.8709902589 14955.0 14305.0
92 14600.4701914747 14920.0 14230.0
93 14838.6427923298 15164.0 14468.0
94 14834.7898349788 15028.0 14563.0
95 14805.1651451895 14995.0 14670.0
96 14480.9760368196 14679.0 14314.90435544
97 14040.447277946 14516.0 13673.0
98 13484.9906522929 14088.0 13010.0
99 14000.1351143124 14444.0 13540.0
100 14001.8224709802 14264.292541 13701.0
101 14357.3661156956 14560.0 14042.0
102 14243.9044118391 14463.0 14074.79249156
103 14626.2924448774 14851.0 14264.0
104 14551.8937495533 14719.0 14402.0
105 14198.9878443382 14691.0 13937.0
106 13654.7660641189 14155.0 13256.0
107 13715.1404593029 14063.0 13288.0
108 13102.2578876008 13557.0 12761.0
109 13098.2553171577 13666.36691918 12730.63686141
110 13181.921991328 13598.0 12875.0
111 13503.2974293911 13850.0 13170.84194519
112 13392.7818898875 13789.0 13051.0
113 13150.643033108 13473.0 12929.0
114 13386.6321094239 13642.0 13131.0
115 13721.2176807614 13974.0 13440.0
116 13622.3914159377 13816.0 13410.0
117 13593.2552553412 13790.0 13410.0
118 14251.8177697427 14823.0 13704.0
119 15092.6935033782 15500.0 14673.89513232
120 15214.5614596485 15683.0 14655.0
121 15309.262970046 15600.0 15051.0
122 15270.4847358619 15407.0 15052.0
123 15124.0425220316 15324.0 14921.0
124 15365.2110177381 15600.0 15080.0
125 15359.7301179633 15570.0 15133.0
126 14760.7137549418 15350.0 14305.0
127 14609.787139187 14878.0 14309.0
128 15224.4897825731 15741.0 14471.0
129 15159.3408905945 15388.0 14927.0
130 15761.9383838432 16098.0 15281.0
131 15977.1064669058 16099.0 15717.0
132 16225.6815933997 16588.0 15396.0
133 16164.9873692904 16563.0 15813.0
134 16173.1082193531 16329.0 15995.0
135 16415.8550605528 16708.0 16086.0
136 16557.7856596498 16745.0 16413.0
137 16515.0368516889 16690.0 16180.0
138 16363.6237895322 16497.0 16191.0
139 16481.2853184624 16600.0 16366.0
140 16271.7641397182 16469.0 16030.35965384
141 16310.5221974149 16489.0 16044.0
142 16147.6944848067 16386.0 15750.0
143 16215.8417066627 16350.0 16014.0
144 16283.4078036161 16469.0 16153.0
145 16359.5011899298 16500.0 16255.0
146 16274.2069588469 16380.0 16150.0
147 16433.9577493811 16542.0 16266.0
148 16795.6774335456 17090.0 16440.0
149 17237.7716235831 17450.0 16951.0
150 17073.7192016089 17279.85379129 16835.0
151 16966.4487465354 17200.0 16700.0
152 16778.7365989394 16939.0 16610.0
153 16692.219045339 16883.0 16550.0
154 16787.5209343804 17052.0 16601.0
155 16842.3244698958 17077.0 16658.84036582
156 16542.7731989193 16851.0 16310.0
157 16377.9527880664 16519.0 16210.0
158 16396.6411107939 16586.0 16234.0
159 16447.6118435073 16597.0 16334.0
160 16585.0502196318 16780.0 16393.0
161 16840.7497671282 16962.0 16720.0
162 16894.6460754529 16989.80753061 16821.0
163 16746.1433658853 16881.0 16676.0
164 16793.980175517 16881.0 16676.0
165 16722.5263566361 16844.0 16615.0
166 17052.5830322893 17284.0 16723.0
167 17087.4122758521 17276.0 16974.0
168 16959.5031459831 17188.0 16852.96283118
169 17089.5047349212 17178.0 16990.0
170 17143.891858401 17315.0 17021.0
171 17387.7202044856 17579.0 17200.0
172 17353.448218121 17515.0 17161.0
173 17274.5337540215 17500.0 17000.0
174 17082.8484965002 17250.0 16916.0
175 17155.4265267209 17245.0 17070.0
176 16972.1593490941 17245.0 16800.0
177 17175.2663776825 17293.0 16968.0
178 16892.3214466794 17225.0 16656.0
179 16294.7739552292 16961.0 15800.0
180 16283.8511891764 16494.0 16001.0
181 16232.7725747614 16445.0 16032.0
182 16707.7449312251 16879.0 16378.0
183 16581.3327385783 16704.0 16484.0
184 16525.5591782025 16715.0 16425.0
185 16465.187335554 16700.0 16290.0
186 16537.9595332955 16717.0 16430.0
187 16710.802462779 16850.0 16585.0
188 16657.1939235665 16773.0 16564.0
189 16918.3113416863 17100.0 16607.0
190 16995.1355255746 17126.0 16820.0
191 17037.1487988393 17161.0 16880.0
192 17008.8043940623 17154.0 16890.0
193 16741.2691351788 16916.0 16500.0
194 16339.1460015181 16641.0 16101.0
195 15995.6661816436 16350.0 15632.0
196 16288.4425797548 16510.0 15933.0
197 16302.7622114906 16518.0 16163.0
198 16619.4202905708 16750.0 16217.0
199 16461.8594940263 16718.0 16250.0
200 16175.2881106222 16400.0 16000.0
201 16208.6751915466 16435.0 16073.0
202 16253.558874254 16440.0 16050.0
203 16046.8550609192 16256.0 15851.0
204 16065.5880768525 16201.0 15970.0
205 16399.1859023378 16589.0 16111.0
206 16365.9291004016 16501.0 16211.0
207 16352.0866204673 16499.0 16221.0
208 16329.4950483622 16650.0 16150.0
209 16783.9018050455 16999.0 16546.0
210 16548.4016478842 16719.0 16333.0
211 16456.4126331213 16658.0 16324.0
212 16495.5458509506 16593.0 16373.0
213 16599.3860723745 16720.0 16411.0
214 16545.9487175812 16652.0 16444.0
215 16333.3575529205 16500.0 16122.0
216 16143.1796853255 16379.0 15955.0
217 16329.1360615789 16417.0 16237.0
218 16444.1881399795 16562.0 16286.0
219 16492.7475608967 16616.0 16376.0
220 16414.4841998873 16492.0 16340.0
221 16373.2896944184 16467.0 16256.0
222 16289.1408769731 16423.0 16227.0
223 16389.9205918526 16451.0 16291.0
224 16352.9375242016 16434.0 16292.0
225 16708.7278831808 17000.0 16349.0
226 16961.2478523143 17214.0 16684.0
227 17348.5527696976 17700.0 16937.0
228 17271.5657032396 17490.0 17005.0
229 17165.6903502892 17388.0 16944.0
230 17285.0252886432 17419.0 17173.0
231 17187.8854530003 17350.0 17094.0
232 17090.3518441487 17175.0 17030.0
233 17148.4543770913 17329.0 17030.0
234 17488.4577171777 17800.0 17281.0
235 17888.8034631101 18111.0 17643.0
236 17889.8259821086 18043.0 17730.0
237 17951.5749240572 18062.0 17812.0
238 17749.547720089 17941.21119112 17560.0
239 17798.3307005088 17939.0 17655.0
240 17652.1392811099 17762.0 17515.0
241 17683.1235738747 17777.0 17567.0
242 17611.254144666 17700.0 17520.0
243 17633.8987935343 17789.0 17529.0
244 17728.363733395 17850.0 17619.0
245 17758.5180490024 17869.0 17619.0
246 17528.107498446 17775.0 17310.0
247 17369.9487992726 17579.0 17111.0
248 17523.3078293681 17653.0 17396.0
249 17534.9241224256 17625.0 17415.0
250 17500.4974104963 17570.0 17419.0
251 17436.2861568922 17518.0 17318.0
252 17354.2940067224 17540.0 17050.0
253 17436.5108785984 17545.0 17300.0
254 17523.8770346718 17608.0 17469.0
255 17636.6439105746 17700.0 17522.0
256 17799.4985777482 17900.0 17699.0
257 17768.8896641759 17885.0 17622.0
258 17858.3302085772 17950.0 17732.9052396
259 17857.9525025199 17950.0 17800.0
260 17933.5783936391 18062.0 17806.0
261 18005.9289627235 18090.0 17884.0
262 18227.3250214416 18375.0 17985.0
263 18423.6858268832 18633.0 18180.0
264 18655.6103830858 18866.0 18313.0
265 18672.2193036992 18900.0 18396.0
266 18700.5930457822 18790.0 18577.0
267 18667.2534928997 18749.0 18551.0
268 18985.1072776925 19225.0 18719.0
269 19219.1036107936 19400.0 19062.0
270 19131.2234327219 19298.0 18808.232186
271 19338.0362870792 19550.0 19095.0
272 19393.6487609613 19550.0 19150.0
273 19166.8890968657 19336.0 19000.0
274 19063.1235186601 19248.0 18879.0
275 19062.4711980832 19197.0 18880.0
276 19189.5256365794 19323.0 19077.0
277 19039.8921640975 19138.0 18918.0
278 19173.0820766242 19350.0 18970.0
279 19288.4151225146 19385.0 19214.0
280 19513.0286136708 19597.0 19379.0
281 19475.3713292191 19586.0 19351.18415238
282 19467.7819927644 19650.0 19312.40186907
283 19641.281755477 19754.2848547 19600.0
284 19758.1903469499 19830.0 19684.0
285 19799.2398378919 19891.0 19550.0
286 19703.6295048547 19891.0 19500.0
287 19548.6755001989 19701.0 19350.0
288 19352.1798139816 19539.0 19210.0
289 19168.0455066117 19471.0 18924.0
290 19145.1638610462 19288.89745494 18932.0
291 18964.9489254408 19073.83206566 18734.0
292 18761.4997410621 18998.0 18622.0
293 19096.7826348794 19370.0 18896.0
294 18918.0948652142 18980.0 18850.0
295 19235.0354125636 19532.0 18890.0
296 18964.3457545738 19399.0 18740.0
297 18532.1307010607 18969.0 18226.0
298 18242.7089006456 18554.0 18010.0
299 18417.1375020967 18718.0 18131.0
300 18437.150179513 18599.0 18199.0
301 18719.2831202644 18909.0 18508.0
302 18729.3106666991 18875.0 18574.0
303 18873.9911441332 18943.0 18750.0
304 18728.4720905047 18870.0 18501.0
305 18746.3812106849 18943.0 18578.0
306 18646.2745120601 18886.0 18438.0
307 18751.4030082655 18897.0 18627.0
308 18988.536533151 19175.0 18749.0
309 18992.3067626455 19139.0 18828.0
310 18714.0907656389 18887.0 18500.0
311 18349.2542346207 18641.0 18100.0
312 18637.6659848732 18756.0 18486.0
313 18586.4166946244 18758.0 18462.0
314 18484.989526141 18599.0 18411.0
315 18347.2749248918 18458.0 18202.0
316 18593.7369048515 18826.32973265 18363.0
317 18601.2549729875 18746.0 18500.0
318 18666.3546615789 18734.0 18597.0
319 18634.7556390091 18774.0 18566.0
320 18877.0452875693 18968.0 18704.0
321 18781.6629944588 18987.0 18620.0
322 18772.7530952272 18877.0 18680.0
323 18697.6681340054 18799.0 18585.0
324 18736.3352215664 18912.0 18600.0
325 18830.4798295774 18920.0 18758.0
326 18765.1786090439 18840.0 18635.0
327 18668.995902379 18758.0 18615.0
328 18687.3021455501 18771.0 18567.0
329 18717.2648507719 18780.0 18644.0
330 18522.6307144786 18755.0 18223.0
331 18122.9982228619 18450.0 17698.0
332 17816.1160411741 18149.0 17255.0
333 17819.1475204359 17984.0 17570.0
334 18000.0879387668 18183.0 17764.63630988
335 17617.4383284527 17779.0 17421.0
336 17611.2196463672 17740.0 17500.0
337 17944.8193704868 18215.0 17679.0
338 18090.1110671911 18295.0 17888.0
339 18011.7597961956 18186.0 17852.0
340 17804.1170675013 18029.0 17571.0
341 17539.2889988253 17798.0 17309.0
342 16993.5610079765 17581.0 16400.0
343 17056.9396201733 17300.0 16799.0
344 17212.8185784629 17500.0 16914.0
345 16467.192564083 17344.0 15675.0
346 16220.0442896834 16860.0 15777.0
347 16630.1624995004 17174.0 16090.0
348 16862.2639779437 17197.0 16619.0
349 16736.0523322481 16888.0 16500.0
350 16550.3961035974 16846.42906664 16258.0
351 16100.4199391088 16401.0 15821.0
352 16400.2394101233 16722.0 16002.0
353 16631.2391194583 16989.0 16205.0
354 16814.411469159 16969.0 16690.0
355 17141.7206890818 17390.0 16824.0
356 17197.4870208318 17470.0 16966.0
357 17517.4343750423 17709.0 17253.14727742
358 17186.8419896048 17709.0 16681.0
359 17105.3561601975 17257.0 16940.0
360 16655.7404542638 17101.0 16265.0
361 16185.6685149659 16486.0 15864.0
362 16622.8763032748 16875.0 16312.0
363 16638.9706585305 16840.0 16414.0
364 16600.41621603 16781.0 16325.0
365 16629.746253551 16775.0 16477.0
366 16268.5656697721 16612.0 16042.0
367 15911.4794676555 16266.0 15500.0
368 16258.8586402702 16451.0 15928.0
369 16541.1771737085 16718.0 16375.0
370 16456.2487652883 16651.0 16287.0
371 16432.1317735179 16592.0 16293.75063828
372 16452.8735955121 17076.0 16000.0
373 16930.865719563 17111.0 16746.18989149
374 16786.2892969483 16930.0 16620.0
375 16979.3374602021 17208.63992404 16709.0
376 17068.1710670259 17333.0 16828.18765965
377 16726.5559624241 16976.0 16590.0
378 16752.3022465428 16933.0 16634.94145689
379 16499.9335061864 16688.0 16401.0
380 16576.8985553911 16726.0 16410.46107504
381 16666.4308813712 16775.0 16567.0
382 16369.6465179593 16665.0 16055.0
383 16097.8043373998 16287.0 15851.0
384 15507.8613767119 15960.0 15005.0
385 15507.6085592559 15825.0 15140.0
386 15234.4554497828 15668.0 14801.0
387 15283.9272497393 15490.0 15152.0
388 15189.2226093228 15458.0 14927.0
389 15224.0842630434 15427.0 14970.0
390 15362.14955017 15678.0 15068.0
391 15518.299674914 15666.0 15335.0
392 15455.0865156099 15839.0 15300.0
393 15413.8554085306 15842.42999525 14922.0
394 14652.2676781392 15110.0 14251.0
395 14373.2594306803 14790.0 13800.0
396 13609.473713718 14344.0 13005.0
397 14258.6978807001 14999.0 13751.0
398 14078.0688755217 14615.0 13503.0
399 13672.4153457552 14161.0 13233.0
400 12670.7710457432 13275.0 12110.0
401 12882.6452070629 13379.0 12430.0
402 13386.0739415952 13713.0 13053.0
403 13815.5316460198 14270.0 13302.0
404 13397.0378427565 13784.0 13116.0
405 13409.8589941893 13557.0 13116.0
406 12386.0588407294 13333.0 11555.0
407 11515.1486184821 12185.0 10700.0
408 12369.9538936114 12890.0 11505.0
409 12267.3403504918 12670.0 11730.0
410 12560.812600079 12890.0 12200.0
411 12809.5622861355 13210.0 12251.0
412 12942.9411335958 13342.0 12505.0
413 13332.739662448 13749.0 12809.0
414 13614.5172730509 13894.0 13279.0
415 13959.3758629639 14459.0 13470.0
416 13465.81021321 14429.0 12622.0
417 13299.7141532744 13679.0 12521.0
418 13347.7580722101 13637.0 13001.0
419 13671.0309675389 13922.0 13430.0
420 13742.9455607046 14187.0 13352.0
421 13978.24330488 14187.0 13751.0
422 13671.0307901852 14042.0 13393.0
423 13333.0431051915 13599.0 13043.46794701
424 13808.2314758041 14023.0 13515.0
425 13988.6839692158 14180.0 13724.0
426 13861.6948214429 14099.0 13650.0
427 14076.7770604931 14380.0 13800.0
428 14437.9557066788 14710.0 14224.0
429 14474.2820995311 14705.0 14251.0
430 14519.0117640989 14650.0 14335.0
431 14757.5360650406 14869.0 14527.0
432 14628.1765847046 14961.0 14151.0
433 14533.6158673971 14800.0 14244.0
434 14580.9611283045 14800.0 14338.68182336
435 14563.8800855612 14800.0 14280.0
436 14424.5240261616 14520.0 14291.0
437 14625.4244065096 14775.0 14388.0
438 14836.4178058096 14953.0 14709.0
439 14748.217496066 14999.0 14300.0
440 14135.6432208554 14660.0 13716.0
441 13753.5409211942 14050.0 13516.0
442 13559.2072747247 13996.0 13223.0
443 13184.4911591999 13499.0 12800.0
444 13246.7407610291 13651.0 12800.0
445 13170.2268240902 13594.0 12810.0
446 13272.1496204925 13448.0 13130.0
447 13539.6870793327 13710.0 13323.38596425
448 13580.8974405205 13830.0 13252.22036665
449 13321.3169162388 13540.0 13041.0
450 13135.5089191024 13621.0 12524.0
451 12613.716788414 12880.0 12365.0
452 12111.6861335993 12679.0 11762.0
453 11990.340220563 12375.0 11600.0
454 12410.5808515846 12799.0 12068.0
455 12858.4949085628 13159.0 12600.0
456 12661.8806765889 13200.0 12258.0
457 12802.0467573923 12999.0 12563.0
458 12691.6691661064 12864.36785972 12454.0
459 12369.8960941558 12588.0 12186.0
460 12207.6369525844 12440.0 12008.0
461 12685.4198317955 13000.0 12159.0
462 12714.8923617212 12909.0 12537.0
463 12825.0537122433 13193.0 12518.0
464 13324.6654150068 13577.0 13050.0
465 13465.0518180084 13626.0 13269.0
466 13242.1520428072 13449.0 13086.0
467 13077.847987242 13354.0 12835.0
468 13019.9699932207 13224.0 12853.06195534
469 13234.8520758505 13601.0 12675.0
470 13352.6815842231 13481.0 13260.0
471 13504.972037368 13720.0 13303.0
472 13544.7272075452 13700.0 13360.0
473 13694.4925436255 13910.0 13414.0
474 13752.4292432328 13980.0 13555.0
475 13680.3736294034 13841.0 13566.0
476 13799.4679605203 13940.0 13627.26735367
477 14054.2914798475 14278.0 13773.0
478 13878.4365463033 14217.59305435 13400.0
479 13352.1354852461 13556.0 13061.0
480 13433.2711895694 13634.0 13170.0
481 13652.0822761785 13747.0 13473.0
482 13547.0994208577 13672.0 13417.64452924
483 13786.5564270555 13999.0 13561.0
484 13805.7508665203 13892.18712895 13755.0
485 13659.9001191469 13860.0 13425.0
486 13523.9019186503 13643.0 13353.0
487 13463.0060106823 13592.0 13375.0
488 13635.210901016 13748.0 13533.0
489 13771.5615097216 13881.0 13620.0
490 13649.6160831163 13750.0 13531.0
491 13719.7146002382 13833.0 13607.0
492 14097.7975548779 14490.0 13688.0
493 14593.4072217477 14766.0 14271.0
494 15055.7536492536 15399.0 14717.0
495 15065.0309347106 15248.0 14750.0
496 15013.4261848602 15197.0 14838.0
497 14984.2777397081 15190.0 14770.0
498 14962.3387394574 15199.0 14718.0
499 15121.9097986166 15248.0 14969.0
500 14808.4980695876 15059.0 14652.0
501 14836.0357765858 14999.0 14561.0
502 15116.6815140067 15245.0 14952.0
503 15431.8936604623 15688.0 15086.0
504 15600.68975725 15748.0 15415.0
505 15850.7170941977 15950.0 15589.0
506 15663.9403370307 15909.0 15301.0
507 15624.643808505 15749.0 15414.0
508 15749.6816793627 15841.0 15589.0
509 15897.2466977599 16060.0 15610.0
510 15767.4609980934 15896.0 15641.0
511 15730.5352658379 15949.0 15550.0
512 15621.3072767676 15750.0 15500.0
513 15649.7310213089 15747.0 15500.0
514 15858.3157890889 15960.0 15654.0
515 15776.4504774634 15873.0 15674.0
516 15761.0975356309 15840.0 15676.0
517 16230.300059202 16449.0 15823.0
518 16308.7866431163 16409.0 16201.0
519 16412.589572427 16494.0 16331.0
520 16185.8597386363 16440.0 15955.0
521 16168.0626769926 16246.0 16027.58168724
522 15919.1809665118 16221.0 15680.0
523 15612.3025304531 15936.0 15410.0
524 15653.3673734884 15758.0 15511.0
525 15839.8926985582 15998.0 15647.0
526 15710.1821721049 15902.0 15548.0
527 15436.1904830215 15800.0 15142.0
528 15181.3091833925 15350.0 15015.0
529 14939.5202002835 15381.0 14630.0
530 14739.8029162488 14952.0 14454.0
531 14974.929019884 15147.0 14735.0
532 15022.93682017 15249.0 14740.0
533 14766.5094392312 14965.0 14540.0
534 15064.9356900702 15286.0 14659.0
535 15316.3848281112 15445.0 15116.0
536 15350.8468483037 15480.0 15186.0
537 15244.6482999557 15446.0 15001.0
538 15266.7895853175 15420.0 15108.0
539 14596.5239508509 15468.0 13870.0
540 14199.9777107876 14499.0 13713.0
541 14326.9759901778 14590.0 13975.0
542 13849.0589462253 14370.0 13550.0
543 13811.6275616444 14020.0 13589.0
544 14035.1187719845 14222.0 13716.0
545 14004.9338164546 14170.0 13835.0
546 14221.5976608274 14379.0 14063.0
547 13799.9102647646 14265.0 13164.0
548 13502.3979917574 13747.0 13145.0
549 13738.8598307644 13978.0 13530.0
550 13940.7002679141 14074.0 13793.0
551 13926.3258432755 14185.0 13657.0
552 14233.0776582555 14414.0 14056.0
553 14037.5423886583 14245.0 13751.0
554 13865.7069967557 14073.0 13606.0
555 13674.3172564341 14048.76952198 13333.0
556 13652.322832133 13830.0 13411.0
557 13876.7885721635 14043.0 13751.0
558 13790.6164246975 13967.0 13611.0
559 13983.5049179126 14137.0 13800.0
560 14081.7732399617 14333.0 13900.0
561 14273.8915323177 14389.0 14161.0
562 14186.9584606599 14310.0 14055.0
563 14707.4180830419 14940.0 14280.0
564 14811.8486651277 14901.0 14733.0
565 14860.5694581852 14999.0 14740.0
566 14861.9125075245 15000.0 14735.0
567 14980.6113065835 15131.0 14848.0
568 14593.201167062 14895.94716416 14366.0
569 14510.9435938716 14673.0 14333.0
570 14326.748679507 14541.13806662 14115.0
571 14095.9253435406 14385.0 13826.0
572 14089.7860954817 14249.0 13844.0
573 14104.8313797716 14316.0 13937.0
574 14069.6817078349 14249.0 13846.0
575 14345.9344915058 14437.0 14218.0
576 14391.6879579103 14550.0 14175.0
577 14619.2876737521 14810.0 14438.0
578 14653.5784614075 14789.0 14486.0
579 14517.8386194289 14587.0 14433.01943961
580 14521.257804649 14679.0 14413.0
581 14430.0436918076 14647.0 14256.0
582 14233.3080864584 14445.0 14054.0
583 14251.3696880667 14375.0 14113.0
584 14437.3007795294 14554.0 14282.0
585 14148.5379940062 14417.0 13953.0
586 13936.4656921211 14290.0 13454.0
587 13211.0919365007 13702.0 12823.0
588 13174.8885342039 13399.0 12888.64022745
589 13148.8154241859 13385.0 12752.0
590 13060.7238012128 13249.0 12758.0
591 13267.5573155032 13370.0 13119.0
592 13404.0424749644 13499.0 13201.0
593 13355.035217295 13468.0 13186.0
594 13156.7823934088 13250.0 12966.68043376
595 13008.9565511508 13240.0 12837.0
596 13083.1475744885 13249.0 12814.20187681
597 12687.879550129 13160.0 12399.0
598 12181.6977276929 12544.0 11863.0
599 12263.5545967983 12582.48249498 12000.0
600 12297.8305310298 12456.0 12154.0
601 11949.8073154806 12278.0 11651.0
602 12241.4279066648 12591.0 11861.0
603 12400.1724120023 12566.0 12201.0
604 12810.0025254436 13031.0 12492.0
605 12751.1345228003 13014.0 12550.0
606 12682.4653337218 12797.0 12525.0
607 12764.3849938615 12850.0 12653.0
608 12601.6835915677 12764.0 12353.0
609 12520.3787454286 12925.0 12166.0
610 12908.2098234838 13035.0 12722.0
611 13025.8898985954 13250.0 12751.0
612 13183.218817109 13399.0 12915.0
613 12899.0824126125 13000.0 12778.0
614 12913.3705323526 13048.0 12677.0
615 12634.9279418552 12854.0 12512.0
616 12722.4947836228 12862.0 12525.0
617 12743.9713383276 12931.0 12500.0
618 12530.2428521622 12638.0 12400.0
619 12659.7735668287 12869.0 12481.0
620 12935.6242336691 13082.0 12823.0
621 13085.689875707 13328.0 12751.0
622 13041.7574541276 13200.0 12873.0
623 13288.2133334924 13449.0 13080.0
624 13268.483967142 13396.0 13120.0
625 13821.2658277641 14100.0 13258.0
626 13854.1346231136 13995.0 13682.0
627 13817.8966273403 13960.0 13664.23981635
628 13852.1738934509 13949.0 13757.0
629 14024.316596386 14210.0 13838.0
630 13935.042380092 14049.0 13837.0
631 13882.8466115283 14018.0 13751.0
632 13812.4370812895 13899.0 13730.0
633 13607.1931844896 13788.0 13505.0
634 13462.088073318 13655.0 13251.0
635 13333.5171783527 13440.0 13214.0
636 13447.8661017608 13591.0 13310.0
637 13426.6992989252 13584.0 13262.0
638 13534.9925899768 13608.0 13479.0
639 13648.8225861551 13839.0 13435.0
640 13741.4536349195 13893.0 13603.0
641 13552.8200054027 13751.0 13389.0
642 13526.9936578841 13622.0 13416.49288463
643 13525.339073777 13585.0 13427.0
644 13211.3866136362 13550.0 13072.0
645 13181.6285912169 13265.0 13092.0
646 13015.8277855387 13162.0 12900.0
647 12920.4660498036 13200.0 12777.0
648 13197.7888665572 13290.0 13085.0
649 13072.1629981276 13209.0 12969.0
650 13093.4381881359 13177.0 12986.0
651 13128.4214203698 13289.0 12950.00953353
652 13163.1398479523 13253.0 13050.0
653 13404.5273008017 13499.0 13249.0
654 13555.6526472914 13662.0 13382.0
655 13534.8731775886 13637.0 13465.0
656 13412.0431143908 13492.0 13341.0
657 13706.9771948127 13898.0 13373.0
658 13726.9921118245 13863.0 13609.0
659 13537.8733056183 13656.0 13416.0
660 13356.8311314375 13551.0 13200.0
661 13072.9955061391 13382.0 12795.0
662 13092.8894945843 13166.0 12997.0
663 13178.477503849 13327.0 13008.0
664 13258.2692739365 13370.0 13144.78756118
665 13386.8553712201 13452.0 13326.15344954
666 13489.3778971303 13568.0 13372.0
667 13609.7998794998 13679.0 13491.0
668 13511.3138385726 13631.0 13426.0
669 13565.0207427765 13625.0 13503.20378177
670 13807.4691572909 13979.0 13565.0
671 13840.8271719254 13969.0 13744.0
672 13706.7662921593 13884.0 13577.0
673 13786.1462604114 13895.0 13663.0
674 13784.2219051482 13938.0 13674.0
675 14423.1615059362 14786.0 13888.0
676 14972.0321232377 15500.0 14601.0
677 15085.6737121409 15285.0 14821.0
678 14837.6647574086 15016.0 14700.0
679 14893.3446693239 15025.0 14773.0
680 14738.8813561031 14892.0 14636.0
681 14818.3807115122 14960.0 14692.0
682 14791.4643738012 14868.0 14720.0
683 14901.6024648939 15112.0 14740.0
684 15055.6052128536 15249.0 14807.0
685 15049.3899878777 15186.0 14842.0
686 15108.7095290063 15184.52562524 15014.0
687 15199.4546755076 15417.0 15020.0
688 15343.5082344082 15428.83091885 15184.0
689 15163.1658835728 15285.0 15052.0
690 14907.8437881014 15125.0 14778.0
691 14658.2930005172 14895.0 14507.0
692 14743.588586976 14864.0 14632.0
693 14731.8689673501 14871.0 14500.0
694 14773.6220478746 14940.0 14552.0
695 14943.3576066486 15072.0 14840.0
696 14989.3334284986 15072.0 14861.0
697 15110.0078306193 15214.0 15032.0
698 15017.3827716979 15103.0 14850.0
699 14850.2926899548 14918.1726201 14751.0
700 14804.882387697 14877.0 14725.0
701 14812.4422556131 15006.0 14703.0
702 14975.8387951193 15058.0 14866.0
703 14982.3886997757 15042.12949834 14833.04413864
704 14975.8879083832 15192.0 14842.0
705 15082.4733684387 15166.0 14998.0
706 15141.8283812724 15350.0 14936.0
707 15294.3037212352 15422.15785315 15185.0
708 15151.8152732576 15248.14896269 15044.0
709 14914.0488268787 15055.0 14802.0
710 14842.840221788 14953.0 14750.0
711 14962.312499041 15051.0 14828.0
712 14825.8021309134 14910.0 14720.0
713 14491.6018651135 14848.0 14104.0
714 14339.1938239695 14499.0 14060.0
715 14470.5254730751 14580.0 14342.0
716 14436.7740020901 14560.0 14274.0
717 14394.9959459066 14560.0 14159.0
718 14496.9113906933 14621.71427744 14344.0
719 14524.1009568971 14696.0 14431.0
