0 42110891329.15047
1 41689712862.03671
2 38900014611.33214
3 38965835960.22696
4 39232323095.42857
5 38727739418.65938
6 36037038604.84167
7 33869937133.654995
8 31771903140.3825
9 35813346629.51719
10 38179206707.796875
11 37272494746.034996
12 47702949608.25625
13 44152958959.793755
14 46223084883.07143
15 44877947692.232506
16 45316644720.88572
17 42178931413.072914
18 41097019288.87946
19 43615617342.1875
20 45828471053.678116
21 44859727986.86965
22 45251045529.0052
23 47241588637.54167
24 44675298135.74333
25 44403849136.32938
26 46065116956.410614
27 47386068357.75834
28 53069653154.78604
29 53643416122.41167
30 56200758544.42917
31 57035007861.625
32 55390344636.57751
33 56502754910.105
34 59942989324.666664
35 63584781055.950714
36 68093665581.257256
37 70699295406.6
38 69618446260.69875
39 72000312096.68233
40 71479165577.8875
41 68212617155.474174
42 69743600462.25
43 68681670539.354164
44 66800518311.625
45 67440385316.830414
46 68981289804.375
47 71719067902.44626
48 72100292858.95937
49 72064023327.89166
50 71969913143.22917
51 72594582814.17583
52 76178812260.67313
53 75973586549.24814
54 78517382092.75
55 81231461537.13708
56 75760868525.75699
57 76890792076.29668
58 71870445889.03104
59 74274178848.559
60 76816932326.06458
61 77039601932.88751
62 71356979356.6398
63 72439028688.42
64 71691497930.5
65 70345290810.7379
66 69874102306.50209
67 65614497261.066666
68 54993571515.24999
69 62533631277.012085
70 62365306431.7965
71 62082482021.2277
72 67843960761.25001
73 65367103852
74 65938973200.0625
75 60664303198.530205
76 60315885095.77125
77 62626656252.875
78 61417012140.61563
79 65395652604.37501
80 64867502636.00916
81 69723276430.05104
82 69723184107.745
83 69592424013.01666
84 71952969917.53354
85 72380860562.80876
86 72823312134.89062
87 71279730159.165
88 70155650735
89 72049945834.65
90 72170693759.16667
91 72687340130.625
92 76453090033.93333
93 79381217030.69771
94 79462424258.5
95 80089009599.025
96 88501874725.39436
97 92478045824.44708
98 95407407494.04167
99 93889733071.14584
100 94964431959.39334
101 93188555403.20026
102 92242198387.96751
103 95272882875.65
104 99475116073.968
105 100167245085.88417
106 99562135446.97876
107 97792438828.005
108 91642025553.67166
109 94381426739.30168
110 98115524477.1552
111 96114589130.80562
112 96190524845.50125
113 102508904908.668
114 101694785279.22725
115 106415422966.97292
116 111032844955.63875
117 117758780931.82877
118 119930391012.7365
119 123938478074.60165
120 122942798361.19292
121 116489128916.625
122 118220619187.42249
123 123630662496.61876
124 119345862425.91675
125 112042515457.35188
126 106103642870.71208
127 95327831900.68855
128 109246250479.9725
129 110677604469.44708
130 121800537300.086
131 130383139250.17125
132 129929811148.99916
133 130447943861.34624
134 133643141971.57834
135 137799223020.03354
136 134548487745
137 138037428085.9375
138 136067805658.125
139 137786800128.58334
140 145425891723.50668
141 155075955186.3375
142 162348370564.33438
143 166280421452.90775
144 165079130752.25
145 169579202441.65
146 181912888874.6
147 185068301099.47916
148 189460332831.525
149 193702991532
150 198638586220.83334
151 226472551975.50003
152 276026211047.2292
153 267785606695.25
154 253354758199.17548
155 248817190555.25
156 280517165313.5416
157 289157370724.0833
158 281363023502.9166
159 279234257113.3
160 297570694261.24994
161 326525438567.0834
162 323071829482.4375
163 317622713303.875
164 297138524342.9792
165 268505157145.3125
166 268887463900.875
167 254564539479.25
168 257428577373.0625
169 233806132562.81253
170 236676918975.95834
171 268220045546.24997
172 261381479588.49997
173 241141682463.85416
174 245524297887.5
175 221657719330.97498
176 237620437837.49997
177 231719459004
178 251777079094.125
179 252602010060.5833
