0 365051.0
1 338929.0
2 326219.0
3 366508.0
4 371151.0
5 363228.0
6 365605.0
7 372889.0
8 341119.0
9 354601.0
10 344968.0
11 393797.0
12 447783.0
13 395421.0
14 382142.0
15 387569.0
16 406195.0
17 413921.0
18 435226.0
19 383842.0
20 404020.0
21 462802.0
22 414610.0
23 445935.0
24 424226.0
25 428332.0
26 384209.0
27 437884.0
28 451155.0
29 388710.0
30 399236.0
31 393084.0
32 441758.0
33 452004.0
34 396540.0
35 429776.0
36 396665.0
37 429313.0
38 392638.0
39 407580.0
40 390085.0
41 424653.0
42 424752.0
43 436155.0
44 416530.0
45 411494.0
46 440841.0
47 399688.0
48 469044.0
49 464117.0
50 411081.0
51 412050.0
52 404307.0
53 378857.0
54 412223.0
55 470332.0
56 451258.0
57 483756.0
58 410737.0
59 419365.0
60 422768.0
61 312335.0
62 372418.0
63 363851.0
64 330958.0
65 374551.0
66 352895.0
67 328987.0
68 310285.0
69 393384.0
70 367761.0
71 369886.0
72 394142.0
73 364177.0
74 350288.0
75 352210.0
76 375082.0
77 399764.0
78 322191.0
79 381250.0
80 326933.0
81 323407.0
82 310868.0
83 349278.0
84 341678.0
85 402557.0
86 337655.0
87 332670.0
88 394636.0
89 334761.0
90 404374.0
91 395942.0
92 390324.0
93 372004.0
94 370187.0
95 375080.0
96 320083.0
97 414497.0
98 413984.0
99 355716.0
100 415731.0
101 367142.0
102 357397.0
103 351044.0
104 398662.0
105 389402.0
106 371250.0
107 401733.0
108 359204.0
109 366327.0
110 376201.0
111 407004.0
112 436154.0
113 392821.0
114 374956.0
115 426515.0
116 371890.0
117 370083.0
118 391943.0
119 374677.0
120 394207.0
121 374537.0
122 375533.0
123 337042.0
124 349946.0
125 405580.0
126 405856.0
127 383199.0
128 377121.0
129 378733.0
130 369111.0
131 353892.0
132 424856.0
133 393224.0
134 412831.0
135 372460.0
136 354677.0
137 354128.0
138 338084.0
139 414216.0
140 406728.0
141 397464.0
142 364137.0
143 407566.0
144 377266.0
145 354651.0
146 403738.0
147 392767.0
148 405301.0
149 392655.0
150 402066.0
151 368869.0
152 368586.0
153 414350.0
154 424994.0
155 401953.0
156 426447.0
157 407301.0
158 374995.0
159 411623.0
160 451922.0
161 420352.0
162 445830.0
163 471278.0
164 453509.0
165 423334.0
166 414283.0
167 465928.0
168 468641.0
169 422909.0
170 431633.0
171 437104.0
172 409197.0
173 388840.0
174 379861.0
175 428929.0
176 371774.0
177 402792.0
178 375377.0
179 344995.0
180 352911.0
181 403350.0
182 383808.0
183 373956.0
184 364414.0
185 363919.0
186 355380.0
187 325550.0
188 395742.0
189 379937.0
190 367252.0
191 367953.0
192 367739.0
193 356533.0
194 330330.0
195 384160.0
196 373620.0
197 378815.0
198 364285.0
199 368179.0
200 332946.0
201 352244.0
202 394635.0
203 403997.0
204 372678.0
205 393901.0
206 358940.0
207 364415.0
208 344751.0
209 402353.0
210 412309.0
211 403778.0
212 387986.0
213 381030.0
214 342340.0
215 345480.0
216 411266.0
217 393099.0
218 417668.0
219 408263.0
220 389496.0
221 367024.0
222 360393.0
223 384259.0
224 413844.0
225 394403.0
226 405409.0
227 403011.0
228 400866.0
229 357816.0
230 409008.0
231 398308.0
232 409928.0
233 390942.0
234 383173.0
235 364840.0
236 330360.0
237 386989.0
238 419511.0
239 392551.0
240 384065.0
241 389622.0
242 358536.0
243 347566.0
244 422792.0
245 416403.0
246 400704.0
247 399896.0
248 379259.0
249 355122.0
250 373779.0
251 401012.0
252 404798.0
253 388645.0
254 397310.0
255 377920.0
256 376568.0
257 369331.0
258 399754.0
259 419627.0
260 408180.0
261 391223.0
262 389323.0
263 369379.0
264 374974.0
265 430205.0
266 425011.0
267 433852.0
268 440834.0
269 442960.0
270 391458.0
271 396449.0
272 469732.0
273 477181.0
274 470499.0
275 497719.0
276 471181.0
277 439803.0
278 410522.0
279 421619.0
280 444786.0
281 400579.0
282 400731.0
283 423263.0
284 384627.0
285 383032.0
286 435282.0
287 435277.0
288 406991.0
289 415474.0
290 453739.0
291 392804.0
292 376683.0
293 433234.0
294 432977.0
295 431781.0
296 457806.0
297 434269.0
298 416457.0
299 360327.0
300 458880.0
301 446989.0
302 461830.0
303 457533.0
304 453192.0
305 426001.0
306 429823.0
307 483846.0
308 503015.0
309 474975.0
310 474281.0
311 444226.0
312 450559.0
313 411263.0
314 486756.0
315 514795.0
316 494246.0
317 484633.0
318 488365.0
319 476358.0
320 438202.0
321 490392.0
322 515387.0
323 505599.0
324 489272.0
325 523079.0
326 481755.0
327 454515.0
328 515310.0
329 506247.0
330 500015.0
331 485327.0
332 513735.0
333 492197.0
334 457491.0
335 548221.0
336 540804.0
337 539249.0
338 500354.0
339 465342.0
340 454665.0
341 439143.0
342 498688.0
343 498359.0
344 495472.0
345 479430.0
346 495266.0
347 458680.0
348 418498.0
349 508681.0
350 508908.0
351 540310.0
352 528878.0
353 522516.0
354 420206.0
355 353857.0
356 448557.0
357 509115.0
358 514772.0
359 512156.0
360 496024.0
361 449831.0
362 355324.0
363 529708.0
364 515023.0
365 545635.0
366 495909.0
367 562749.0
368 503340.0
369 455738.0
370 475571.0
371 541167.0
372 491692.0
373 483077.0
374 466560.0
375 446468.0
376 417278.0
377 473646.0
378 502461.0
379 500305.0
380 516338.0
381 516009.0
382 484668.0
383 428797.0
384 426712.0
385 497858.0
386 514638.0
387 518118.0
388 462950.0
389 461291.0
390 438727.0
391 449341.0
392 523036.0
393 599052.0
394 452585.0
395 560374.0
396 500098.0
397 510277.0
398 440409.0
399 557390.0
400 516490.0
401 575007.0
402 507435.0
403 474676.0
404 422084.0
405 503160.0
406 530239.0
407 495896.0
408 489189.0
409 550072.0
410 510385.0
411 458998.0
412 503952.0
413 487720.0
414 489247.0
415 551454.0
416 590852.0
417 561871.0
418 462926.0
419 501496.0
420 542156.0
421 531642.0
422 565741.0
423 583122.0
424 489871.0
425 524842.0
426 537228.0
427 571328.0
428 526232.0
429 541481.0
430 551014.0
431 518975.0
432 422478.0
433 516184.0
434 561534.0
435 526478.0
436 594405.0
437 532933.0
438 505650.0
439 512175.0
440 512637.0
441 541181.0
442 572753.0
443 537474.0
444 540389.0
445 490876.0
446 468755.0
447 459507.0
448 553956.0
449 534779.0
450 521047.0
451 489451.0
452 502790.0
453 501562.0
454 564024.0
455 496730.0
456 577216.0
457 548639.0
458 542131.0
459 468193.0
460 489532.0
461 548200.0
462 582103.0
463 548651.0
464 449521.0
465 558990.0
466 520821.0
467 429263.0
468 469209.0
469 553138.0
470 566248.0
471 491206.0
472 612635.0
473 530089.0
474 490003.0
475 449880.0
476 580200.0
477 606556.0
478 554691.0
479 582826.0
480 634025.0
481 526652.0
482 542847.0
483 609090.0
484 547221.0
485 676230.0
486 523629.0
487 677421.0
488 581369.0
489 691480.0
490 621156.0
491 592447.0
492 568521.0
493 600568.0
494 623293.0
495 691330.0
496 636246.0
497 453290.0
498 591515.0
499 570189.0
500 633617.0
501 646325.0
502 608719.0
503 604610.0
504 687290.0
505 631835.0
506 659055.0
507 641520.0
508 651462.0
509 592662.0
510 594355.0
511 634488.0
512 614126.0
513 610354.0
514 534561.0
515 601583.0
516 537387.0
517 576032.0
518 617593.0
519 657364.0
520 609712.0
521 571964.0
522 516474.0
523 467561.0
524 538624.0
525 611325.0
526 565868.0
527 577610.0
528 536165.0
529 477378.0
530 433246.0
531 532642.0
532 594425.0
533 585194.0
534 534177.0
535 506612.0
536 469727.0
537 378448.0
538 515883.0
539 556158.0
540 549136.0
541 467647.0
542 533427.0
543 440616.0
544 409305.0
545 497458.0
546 548401.0
547 476016.0
548 459294.0
549 559413.0
550 451048.0
551 390402.0
552 567052.0
553 563334.0
554 513002.0
555 489848.0
556 473082.0
557 446599.0
558 406436.0
559 475431.0
560 561055.0
561 519400.0
562 477427.0
563 542764.0
564 433135.0
565 353197.0
566 469352.0
567 511831.0
568 460146.0
569 443425.0
570 487086.0
571 416822.0
572 386558.0
573 485988.0
574 301131.0
575 403175.0
576 427728.0
577 467900.0
578 463849.0
579 408435.0
580 512717.0
581 587787.0
582 532314.0
583 550474.0
584 580987.0
585 530699.0
586 516470.0
587 542909.0
588 650899.0
589 543436.0
590 631515.0
591 580732.0
592 535350.0
593 444725.0
594 501755.0
595 419158.0
596 628516.0
597 423332.0
598 471224.0
599 472784.0
600 509082.0
601 504370.0
602 593017.0
603 565808.0
604 589297.0
605 591520.0
606 536081.0
607 437076.0
608 561328.0
609 601576.0
610 587813.0
611 526959.0
612 606485.0
613 452503.0
614 412029.0
615 537474.0
616 549109.0
617 543777.0
618 552954.0
619 637364.0
620 486762.0
621 433778.0
622 481944.0
623 578178.0
624 480582.0
625 533108.0
626 515183.0
627 427804.0
628 383448.0
629 505248.0
630 544621.0
631 548154.0
632 561792.0
633 569237.0
634 467807.0
635 416589.0
636 606137.0
637 591541.0
638 496067.0
639 552622.0
640 609682.0
641 505784.0
642 496285.0
643 585027.0
644 613363.0
645 604454.0
646 588009.0
647 660223.0
648 594481.0
649 578160.0
650 643456.0
651 670954.0
652 646477.0
653 692404.0
654 644654.0
655 606416.0
656 573796.0
657 640545.0
658 716443.0
659 636240.0
660 555497.0
661 552374.0
662 440621.0
663 666706.0
664 672642.0
665 611373.0
666 733878.0
667 704944.0
668 670928.0
669 588058.0
670 555458.0
671 608650.0
672 714349.0
673 646100.0
674 727945.0
675 619943.0
676 455431.0
677 467890.0
678 694828.0
679 604054.0
680 709142.0
681 677301.0
682 684253.0
683 614839.0
684 603429.0
685 734768.0
686 753813.0
687 673818.0
688 747161.0
689 698358.0
690 697525.0
691 712606.0
692 829650.0
693 816744.0
694 903004.0
695 851419.0
696 869274.0
697 683882.0
698 762992.0
699 885109.0
700 891235.0
701 978251.0
702 869098.0
703 902011.0
704 877574.0
705 739391.0
706 867654.0
707 867771.0
708 958476.0
709 1072861.0
710 942513.0
711 819304.0
712 877464.0
713 922523.0
714 887697.0
715 853863.0
716 840739.0
717 890731.0
718 729637.0
719 652209.0
720 565074.0
721 605853.0
722 749191.0
723 741488.0
724 838925.0
725 815099.0
726 678712.0
727 593282.0
728 850801.0
729 937530.0
