0 439183172.0824551
1 524577602.0814731
2 428452344.2505532
3 310258543.0398467
4 211475099.03853697
5 267769180.27230301
6 284257957.7544265
7 389299060.467785
8 317369300.8886888
9 256962364.9910157
10 154658301.41558063
11 159034173.05097103
12 207038818.87757906
13 292157921.60773396
14 259176379.48017278
15 234505943.28577545
16 230407548.73571002
17 206063844.49538353
18 210976459.03377578
19 198400469.237764
20 234204104.00739932
21 271755757.07840174
22 230425627.04952404
23 172944033.54642877
24 110954977.31500764
25 130997412.19231722
26 147934759.5747216
27 219553619.75286385
28 265703457.6901082
29 208080409.79750854
30 267715754.1408285
31 219852279.33450314
32 189360700.46720317
33 218667131.4358756
34 265069291.95875236
35 268446935.56400603
36 354395954.9668856
37 295832936.5156964
38 162450165.43816188
39 116833030.14237295
40 193290194.99513188
41 230076645.45902234
42 202631991.87154087
43 216881376.3029261
44 274772401.33959436
45 177697930.51843956
46 171469835.05797684
47 194658608.62416738
48 239455904.8261682
49 223493550.8302082
50 329524919.7180022
51 377500126.8500836
52 227869925.56940377
53 199679377.83795965
54 263969347.79483855
55 254779003.3135104
56 288085091.7432546
57 434381700.80609137
58 426416987.39023674
59 257999763.7167398
60 220204063.358142
61 292399611.7639107
62 333212201.6491188
63 301922502.86388665
64 264212240.99959013
65 300514966.41367173
66 245097064.43026894
67 213603425.36240157
68 305232654.9681898
69 340925457.2986973
70 321158673.98304546
71 498470434.73062754
72 519387257.28018814
73 358857764.2565912
74 251863755.76009843
75 302711967.00069255
76 338645232.7155832
77 378214892.3745552
78 311908483.3347461
79 393959388.23827785
80 317578894.4272253
81 225668754.00046358
82 314065026.0724285
83 427464477.24102
84 268053545.27757862
85 338050783.4129296
86 458122200.8199916
87 275462685.0907609
88 279296199.7720702
89 352832392.70903724
90 341916041.50068885
91 366491387.360761
92 373394291.4489535
93 387791486.37193364
94 195546229.5685226
95 221823326.33347496
96 276910114.56078804
97 356178072.3882292
98 324655762.7164864
99 295378008.2258598
100 357882778.18722075
101 277386308.8604482
102 248846278.4709716
103 350736258.00866205
104 358703371.13634884
105 318007414.47879595
106 362526871.16549236
107 343765582.74913234
108 237925578.0373707
109 216214543.24980593
110 275563451.4461593
111 392344255.7174933
112 374510235.060813
113 403324576.01284504
114 422232300.3667596
115 358298055.7109411
116 270224936.5739553
117 442436010.50857353
118 459618754.83070356
119 478643852.40137583
120 600287612.4889325
121 572492738.2915376
122 473676745.12631375
123 425425969.14028525
124 718838977.0733728
125 761394965.372412
126 733569624.8732165
127 663588561.0741874
128 591706179.2409666
129 444311275.6910667
130 437151327.7640151
131 691417744.0772771
132 578464171.2971259
133 937290192.5778947
134 677185578.4226928
135 858596952.490287
136 681378820.7858061
137 545513367.8802049
138 888560604.104556
139 1026598216.6690824
140 1071925264.3652219
141 1209302552.2768192
142 946402388.9279644
143 646375171.1244526
144 519142526.07675505
145 574153810.8480408
146 894942260.9700011
147 853819146.3808601
148 945504768.844997
149 726398967.4852356
150 818661057.9011428
151 627567197.3942982
152 796468589.2997327
153 886338620.2952278
154 883089172.7821319
155 810352769.0045183
156 678997662.0436015
157 671075205.2450426
158 657286287.9180186
159 839906528.5138986
160 848899018.3329592
161 753304915.3769174
162 731207789.2274828
163 624436119.9698714
164 536083586.0798502
165 522791407.9265004
166 610147802.9679632
167 712285162.4027885
168 823610544.4732531
169 692310514.8913088
170 555414772.8416505
171 415023200.2911672
172 509648501.09374875
173 694801740.2655957
174 727176652.1080906
175 723115848.4326982
176 609903745.5787156
177 751359279.4975026
178 505340302.27476436
179 471702116.78520924
180 595876275.2876743
181 568885136.2934088
182 730594292.9350008
183 538505332.2174942
184 715785277.0249153
185 558655116.2596486
186 649899495.6941388
187 686994894.8798525
188 651438758.5557551
189 568381379.6042322
190 443677408.2914601
191 486550966.1712028
192 448326857.8923175
193 461314550.09456074
194 570175601.509061
195 619790724.7574261
196 584802118.292619
197 755326162.6527942
198 678739138.7077827
199 498204137.65635633
200 423959853.13214564
201 552414399.1383063
202 758199393.1263995
203 676202732.8508738
204 827890554.6047918
205 1328334473.7462647
206 928609716.2639903
207 1121219506.5610483
208 1772644310.587765
209 1369195845.9607701
210 1412768876.8473947
211 970956325.8441828
212 1196484564.9991229
213 983755829.8746343
214 1044204487.0596856
215 1385571339.143034
216 1245606695.5582724
217 807119553.20315
218 963128414.0931603
219 991542730.4228753
220 870629381.104836
221 926444961.9565743
222 873611922.4864823
223 1206087776.3574076
224 982522797.1334535
225 1318331836.4834719
226 1137241535.0130806
227 1323689299.868477
228 755018135.82287
229 819457187.4881101
230 881477645.717734
231 1059426386.8392339
232 756043560.9375308
233 765174341.3959026
234 696876277.1330239
235 781459739.10363
236 925154460.78649
237 1144825472.108911
238 1010875740.7522804
239 1192190047.0720818
240 1228012219.9381464
241 918257379.5479615
242 795926407.7951646
243 1422579714.8570423
244 1403653848.428348
245 1347017552.0214765
246 1261424204.1056025
247 1024260564.1263994
248 778259235.6389524
249 875474655.9534281
250 848892503.3596199
251 906438524.081371
252 1003125422.2257359
253 889710944.008651
254 1503345854.3289788
255 753316071.8132362
256 571971943.1618744
257 838578661.7089373
258 857981325.7805322
259 736406709.8247888
260 688978348.8716365
261 723462621.6503669
262 498447359.0083878
263 359612295.3794406
264 1013757769.8676178
265 774208152.9912612
266 721892560.1762347
267 841302338.5628893
268 729473582.8277419
269 663214577.8754754
270 499781337.7179312
271 848062737.1766696
272 691406024.4821082
273 591746166.8150624
274 814413222.0180073
275 714231923.3015436
276 553329639.8231318
277 676195487.4803518
278 1118783648.00353
279 1174146928.6111066
280 837665469.6247169
281 1107300179.9945877
282 1448422309.530667
283 1023554358.703205
284 868580434.8434143
285 1149273838.9302495
286 1111146061.4640121
287 1395865356.3145826
288 1448451291.6570027
289 1118742453.8259008
290 929448820.609053
291 1006861960.4571171
292 2396482266.958034
293 2102862590.159737
294 2136570417.622999
295 1970506447.2919595
296 952470634.5481749
297 645113300.5501609
298 1306645347.275011
299 1681454664.1607614
300 1589432235.9981916
301 1269855999.9227078
302 2392765593.5958486
303 1672135010.0887764
304 1424364752.5466843
305 1309726635.2080297
306 1568492020.0405884
307 1826009240.699988
308 1888939271.110504
309 2267000254.3271055
310 1944419256.1213694
311 1344145630.4237561
312 1844282044.7733889
313 2115296495.8156848
314 1833276923.3014946
315 2324329725.3639817
316 2351529593.3685637
317 2803405660.0071397
318 1971800219.2585673
319 1610358777.8716562
320 2394321375.2033195
321 2546719238.29304
322 1730604252.1113663
323 2455560232.7571115
324 2691426205.2664666
325 2368622335.7729573
326 2264912543.133489
327 3413320841.8614836
328 3250901799.0327334
329 3966055569.8592644
330 3480444824.0897946
331 2679696382.8778048
332 1985357942.7941227
333 2019481499.0299237
334 2601197062.1961102
335 2667850402.160009
336 3627399597.022558
337 5615762340.673314
338 4799300874.737941
339 3891389970.1608515
340 3572482517.4345384
341 4271582103.6973276
342 5760245259.91769
343 4658395921.1318655
344 3587876010.826229
345 4213976777.5325284
346 3581766251.6435785
347 5065451796.192873
348 4873481581.503874
349 3771403823.796258
350 5152140336.230536
351 3660301618.007432
352 4421187412.932477
353 2465336231.0440793
354 2547688081.564038
355 2519602087.6167035
356 3172612010.674565
357 4694566031.243938
358 3618298008.3310714
359 3682930089.233883
360 3942726332.102162
361 3322403204.5571833
362 2552418375.919004
363 3526212014.8420196
364 2850171440.7466006
